1500
1300
1200
1200
1200
1100
1100
1000
995
990
977
952
943
868
862
853
828
801
746
742
738
732
676
665
652
646
644
643
622
611
600
585
574
561
1600
1600
1500
1500
1500
1500
1400
1400
1400
1400
1400
1400
1300
1300
1300
1300
1300
618
557
551
478
471
438
358
291
285
272
223
190
152
139
84
611
502
483
1400
1300
1300
915
903
786
778
368
357
354
348
330
325
318
309
306
302
297
287
287
684
680
1300
1300
1300
1300
1200
1200
1100
1100
1300
665
1400
1400
1400
1100
1100
923
813
803
778
275
232
193
183
702
679
671
97
92
1300
1200
1200
1200
1200
1200
1200
474
463
455
433
429
397
390
387
1100